7186.237186 -0.296988 -0.028638 16.999758 0.019502 17.021839
7186.860934 -0.278490 -0.029539 16.950070 0.018795 16.956829
7187.107052 -0.271194 -0.029891 16.918757 0.018423 16.929904
7187.505598 -0.259384 -0.030460 16.875203 0.017698 16.884654
7187.768894 -0.251583 -0.030832 16.848217 0.017264 16.853563
7188.823707 -0.220354 -0.032307 16.692981 0.014439 16.718285
7189.195290 -0.209361 -0.032820 16.651139 0.014145 16.666000
7190.009946 -0.185272 -0.033930 16.501757 0.012437 16.541298
7190.310814 -0.176382 -0.034337 16.490807 0.012639 16.491293
7190.834827 -0.160901 -0.035038 16.398722 0.011712 16.398285
7191.175741 -0.150835 -0.035490 16.351133 0.011880 16.333291
7191.818990 -0.131850 -0.036335 16.199713 0.010583 16.199488
7192.552762 -0.110209 -0.037287 16.034593 0.009162 16.025592
7192.604637 -0.108679 -0.037353 16.018043 0.009235 16.012306
7192.648076 -0.107398 -0.037409 16.023130 0.009279 16.001070
7192.736186 -0.104801 -0.037522 16.003757 0.009044 15.977967
7192.799807 -0.102925 -0.037603 15.969515 0.008697 15.961019
7192.827425 -0.102111 -0.037638 15.979811 0.008915 15.953592
7192.910391 -0.099665 -0.037744 15.937106 0.008571 15.931017
7192.973771 -0.097797 -0.037825 15.922741 0.008523 15.913504
7193.681986 -0.076934 -0.038722 15.723977 0.007366 15.700947
7193.689774 -0.076704 -0.038732 15.722527 0.007357 15.698428
7193.819804 -0.072875 -0.038895 15.664756 0.007077 15.655753
7193.911020 -0.070188 -0.039008 15.630872 0.006958 15.625135
7193.951255 -0.069003 -0.039059 15.602764 0.006877 15.611452
7194.025382 -0.066821 -0.039151 15.588527 0.006787 15.585966
7194.109852 -0.064334 -0.039257 15.548229 0.006585 15.556497
7194.207703 -0.061454 -0.039379 15.524033 0.006396 15.521792
7194.256476 -0.060019 -0.039440 15.519303 0.006412 15.504275
7194.332432 -0.057784 -0.039534 15.492343 0.006255 15.476718
7194.381510 -0.056339 -0.039595 15.463665 0.006176 15.458743
7194.635536 -0.048864 -0.039909 15.383326 0.005775 15.363904
7194.675730 -0.047681 -0.039958 15.342648 0.005714 15.348684
7194.746759 -0.045591 -0.040045 15.312749 0.005560 15.321702
7194.930747 -0.040178 -0.040270 15.249708 0.005350 15.251680
7194.976839 -0.038822 -0.040326 15.218514 0.005165 15.234212
7195.071810 -0.036029 -0.040443 15.205061 0.005168 15.198511
7195.115439 -0.034746 -0.040496 15.183342 0.005065 15.182287
7195.146970 -0.033819 -0.040534 15.151240 0.004950 15.170650
7195.296640 -0.029419 -0.040717 15.096728 0.004919 15.116790
7195.669851 -0.018447 -0.041168 15.000464 0.004556 15.000153
7195.751543 -0.016046 -0.041266 14.976296 0.004483 14.979855
7195.800797 -0.014598 -0.041325 14.971985 0.004465 14.968815
7195.877387 -0.012347 -0.041417 14.948594 0.004396 14.953613
7195.914793 -0.011248 -0.041462 14.939654 0.004361 14.947115
7195.975678 -0.009458 -0.041534 14.938323 0.004433 14.937917
7196.026354 -0.007969 -0.041595 14.932757 0.004410 14.931627
7196.264733 -0.000967 -0.041880 14.906256 0.004279 14.919764
7196.324398 0.000785 -0.041951 14.914160 0.004386 14.921502
7196.419582 0.003581 -0.042064 14.926677 0.004412 14.928149
7196.470448 0.005075 -0.042124 14.929001 0.004396 14.933603
7196.542764 0.007198 -0.042209 14.951308 0.004381 14.943541
7196.563599 0.007810 -0.042234 14.956414 0.004402 14.946863
7196.636967 0.009965 -0.042321 14.975244 0.004451 14.960115
7196.707311 0.012031 -0.042403 14.972414 0.004521 14.974963
7196.824784 0.015480 -0.042541 15.011538 0.004603 15.003943
7196.873247 0.016903 -0.042598 15.017272 0.004683 15.017255
7196.948984 0.019127 -0.042686 15.051313 0.004717 15.039437
7196.991905 0.020387 -0.042736 15.047933 0.004731 15.052680
7197.064819 0.022527 -0.042822 15.072529 0.004840 15.076152
7197.095710 0.023433 -0.042858 15.091790 0.004896 15.086426
7197.178643 0.025867 -0.042955 15.123456 0.005010 15.114838
7197.630472 0.039124 -0.043480 15.281112 0.005507 15.281851
7197.706571 0.041357 -0.043567 15.317768 0.005659 15.310743
7197.787124 0.043720 -0.043660 15.352608 0.005805 15.341275
7197.866729 0.046055 -0.043751 15.385607 0.005788 15.371317
7197.913159 0.047417 -0.043804 15.396091 0.005963 15.388752
7197.964080 0.048910 -0.043862 15.414655 0.005985 15.407784
7198.014288 0.050383 -0.043920 15.424689 0.006123 15.426443
7198.090804 0.052626 -0.044007 15.432060 0.006164 15.454651
7198.284885 0.058316 -0.044229 15.515303 0.006256 15.524791
7198.379703 0.061095 -0.044337 15.567563 0.006611 15.558243
7198.428407 0.062523 -0.044392 15.553134 0.006569 15.575204
7198.501422 0.064663 -0.044475 15.586677 0.006729 15.600342
7198.593000 0.067347 -0.044578 15.628801 0.006945 15.631372
7199.418494 0.091529 -0.045501 15.888922 0.008262 15.885970
7199.584290 0.096384 -0.045684 15.933840 0.008546 15.931926
7199.699226 0.099749 -0.045811 15.977364 0.008624 15.962853
7199.871614 0.104796 -0.046000 15.992268 0.008949 16.007869
7200.052111 0.110079 -0.046197 16.018818 0.009242 16.053316
7200.682174 0.128510 -0.046879 16.193812 0.010360 16.199710
7200.819955 0.132539 -0.047027 16.204975 0.010467 16.229429
7201.025037 0.138536 -0.047245 16.254138 0.010690 16.272286
7201.551337 0.153917 -0.047804 16.358534 0.011865 16.375333
7201.672384 0.157454 -0.047931 16.402332 0.011951 16.397741
7201.815753 0.161643 -0.048081 16.408779 0.012023 16.423703
7202.022437 0.167681 -0.048296 16.428352 0.012241 16.460072
7202.514813 0.182057 -0.048806 16.547618 0.013318 16.542044
7202.787678 0.190022 -0.049086 16.584757 0.013663 16.584887
7202.987658 0.195858 -0.049289 16.614995 0.013804 16.615211
7203.712626 0.217002 -0.050020 16.672696 0.015074 16.718205
7203.904123 0.222586 -0.050210 16.696794 0.015016 16.743757
7204.089741 0.227996 -0.050394 16.723194 0.015926 16.767918
7204.355509 0.235741 -0.050657 16.800663 0.016524 16.801518
7204.465527 0.238946 -0.050765 16.769094 0.016331 16.815100
7205.207352 0.260552 -0.051484 16.892415 0.017350 16.902062
7205.353804 0.264815 -0.051625 16.860094 0.017607 16.918339
7205.489154 0.268754 -0.051754 16.917142 0.018395 16.933140
7206.073446 0.285756 -0.052307 16.963459 0.018860 16.994495
7206.232339 0.290377 -0.052456 17.019259 0.019677 17.010502
7206.344256 0.293632 -0.052561 17.030664 0.019527 17.021613
7206.823806 0.307574 -0.053005 17.055856 0.020168 17.067750
7206.981226 0.312150 -0.053149 17.054756 0.019782 17.082398
7207.089050 0.315283 -0.053248 17.077897 0.020021 17.092293
7207.398546 0.324275 -0.053531 17.096580 0.020939 17.120100
7207.602790 0.330207 -0.053716 17.137706 0.021550 17.137983
7207.761683 0.334822 -0.053859 17.126495 0.021329 17.151647
7207.872924 0.338053 -0.053958 17.109025 0.021181 17.161088
7208.048878 0.343162 -0.054115 17.156652 0.021125 17.175813
7208.877597 0.367210 -0.054846 17.231608 0.023282 17.241931
7209.031291 0.371668 -0.054979 17.305184 0.023760 17.253641
7209.147361 0.375034 -0.055080 17.282583 0.024401 17.262375
7209.323394 0.380138 -0.055232 17.265546 0.024020 17.275445
7209.514507 0.385679 -0.055397 17.276949 0.024049 17.289403
7209.662501 0.389968 -0.055523 17.292570 0.024626 17.300049
7209.789340 0.393645 -0.055631 17.384605 0.026308 17.309063
7210.283846 0.407973 -0.056048 17.403885 0.026274 17.343260
7210.913385 0.426203 -0.056570 17.406669 0.025835 17.384738
7211.055309 0.430312 -0.056687 17.445341 0.026772 17.393787
7211.179097 0.433894 -0.056788 17.448496 0.027640 17.401592
7211.368001 0.439361 -0.056943 17.458280 0.028155 17.413349
7211.701608 0.449013 -0.057212 17.463338 0.027219 17.433670
7211.837827 0.452953 -0.057321 17.482180 0.027696 17.441809
7211.964824 0.456626 -0.057423 17.467616 0.027594 17.449317
7212.168757 0.462523 -0.057585 17.492547 0.028509 17.461212
7212.627163 0.475774 -0.057947 17.561001 0.030073 17.487252
7212.746525 0.479223 -0.058040 17.520876 0.029826 17.493879
7212.897773 0.483594 -0.058157 17.557212 0.029969 17.502187
7213.102776 0.489516 -0.058316 17.562462 0.029821 17.513291
7213.776613 0.508975 -0.058831 17.567443 0.031133 17.548573
7214.795242 0.538366 -0.059589 17.539607 0.030345 17.598590
7215.674228 0.563705 -0.060224 17.655190 0.033436 17.638811
7216.283106 0.581245 -0.060654 17.687510 0.034773 17.665203
7217.325552 0.611249 -0.061370 17.754837 0.034555 17.707808
7217.915461 0.628215 -0.061763 17.680316 0.035196 17.730572
